21637123812
1231221637123812
1231221637123812
1231221637123812
1231221637123812
1231221637123812
1231221637123812
1231221637123812
1231221637123812
1231221637123812
1231221637123812
1231221637123812
1231221637123812
1231221637123812
1231221637123812
1231221637123812
1231221637123812
1231221637123812
1231221637123812
1231221637123812
1231221637123812
1231221637123812
1231221637123812
1231221637123812
1231221637123812
1231221637123812
1231221637123812
1231221637123812
1231221637123812
1231221637123812
1231221637123812
1231221637123812
1231221637123812
1231221637123812
1231221637123812
1231221637123812
1231221637123812
1231221637123812
1231221637123812
1231221637123812
1231221637123812
1231221637123812
1231221637123812
1231221637123812
1231221637123812
1231221637123812
1231221637123812
1231221637123812
1231221637123812
1231221637123812
1231221637123812
1231221637123812
1231221637123812
1231221637123812
1231221637123812
1231221637123812
1231221637123812
1231221637123812
1231221637123812
1231221637123812
1231221637123812
1231221637123812
1231221637123812
1231221637123812
1231221637123812
1231221637123812
1231221637123812
1231221637123812
1231221637123812
1231221637123812
1231221637123812
1231221637123812
1231221637123812
1231221637123812
1231221637123812
1231221637123812
1231221637123812
1231221637123812
1231221637123812
1231221637123812
1231221637123812
1231221637123812
1231221637123812
1231221637123812
1231221637123812
1231221637123812
1231221637123812
1231221637123812
1231221637123812
1231221637123812
1231221637123812
1231221637123812
1231221637123812
1231221637123812
1231221637123812
1231221637123812
1231221637123812
1231221637123812
1231221637123812
1231221637123812
1231221637123812
1231221637123812
1231221637123812
1231221637123812
1231221637123812
1231221637123812
1231221637123812
1231221637123812
1231221637123812
1231221637123812
1231221637123812
1231221637123812
1231221637123812
1231221637123812
1231221637123812
1231221637123812
1231221637123812
1231221637123812
1231221637123812
1231221637123812
1231221637123812
12312
